           0.0000000         0.084296833           0.0000000                 INF
        0.0099009901          0.15971479         0.084365719        -0.049088084
         0.019801980          0.22709086          0.15984531         -0.37603634
         0.029702970          0.28718311          0.22727644         -0.57907917
         0.039603960          0.34067817          0.28741779         -0.73210943
         0.049504950          0.38819792          0.34095657         -0.85837670
         0.059405941          0.43030564          0.38851515         -0.96833049
         0.069306931          0.46751150          0.43065728          -1.0676446
         0.079207921          0.50027757          0.46789354          -1.1598161
         0.089108911          0.52902238          0.50068639          -1.2472273
         0.099009901          0.55412501          0.52945469          -1.3316541
          0.10891089          0.57592878          0.55457783          -1.4145453
          0.11881188          0.59474466          0.57639941          -1.4972000
          0.12871287          0.61085431          0.59523067          -1.5809030
          0.13861386          0.62451285          0.61135349          -1.6670578
          0.14851485          0.63595132          0.62502319          -1.7573503
          0.15841584          0.64537900          0.63647100          -1.8539986
          0.16831683          0.65298545          0.64590639          -1.9601943
          0.17821782          0.65894234          0.65351905          -2.0809960
          0.18811881          0.66340517          0.65948081          -2.2254337
          0.19801980          0.66651478          0.66394729          -2.4126248
          0.20792079          0.66839873          0.66705944          -2.6972890
          0.21782178          0.66917257          0.66894494          -3.4681517
          0.22772277          0.66894094          0.66971941          -2.9346515
          0.23762376          0.66779861          0.66948758          -2.5981207
          0.24752475          0.66583145          0.66834432          -2.4248288
          0.25742574          0.66311719          0.66637555          -2.3107202
          0.26732673          0.65972628          0.66365908          -2.2272429
          0.27722772          0.65572248          0.66026539          -2.1623846
          0.28712871          0.65116359          0.65625833          -2.1099530
          0.29702970          0.64610192          0.65169571          -2.0663389
          0.30693069          0.64058487          0.64662990          -2.0292572
          0.31683168          0.63465537          0.64110834          -1.9971714
          0.32673267          0.62835229          0.63517400          -1.9689999
          0.33663366          0.62171086          0.62886577          -1.9439538
          0.34653465          0.61476296          0.62221891          -1.9214405
          0.35643564          0.60753750          0.61526534          -1.9010043
          0.36633663          0.60006062          0.60803396          -1.8822874
          0.37623762          0.59235604          0.60055098          -1.8650041
          0.38613861          0.58444521          0.59284010          -1.8489227
          0.39603960          0.57634759          0.58492281          -1.8338531
          0.40594059          0.56808077          0.57681857          -1.8196372
          0.41584158          0.55966071          0.56854499          -1.8061423
          0.42574257          0.55110185          0.56011805          -1.7932559
          0.43564356          0.54241728          0.55155220          -1.7808818
          0.44554455          0.53361884          0.54286053          -1.7689370
          0.45544554          0.52471728          0.53405491          -1.7573494
          0.46534653          0.51572231          0.52514607          -1.7460559
          0.47524752          0.50664273          0.51614374          -1.7350008
          0.48514851          0.49748653          0.50705675          -1.7241346
          0.49504950          0.48826093          0.49789307          -1.7134132
          0.50495050          0.47897246          0.48865992          -1.7027966
          0.51485149          0.46962706          0.47936386          -1.6922486
          0.52475248          0.46023008          0.47001083          -1.6817361
          0.53465347          0.45078640          0.46060617          -1.6712284
          0.54455446          0.44130042          0.45115478          -1.6606972
          0.55445545          0.43177612          0.44166104          -1.6501158
          0.56435644          0.42221711          0.43212896          -1.6394589
          0.57425743          0.41262668          0.42256214          -1.6287023
          0.58415842          0.40300777          0.41296387          -1.6178228
          0.59405941          0.39336307          0.40333710          -1.6067977
          0.60396040          0.38369502          0.39368452          -1.5956046
          0.61386139          0.37400582          0.38400857          -1.5842214
          0.62376238          0.36429745          0.37431145          -1.5726258
          0.63366337          0.35457174          0.36459515          -1.5607952
          0.64356436          0.34483030          0.35486148          -1.5487066
          0.65346535          0.33507463          0.34511209          -1.5363363
          0.66336634          0.32530606          0.33534844          -1.5236595
          0.67326733          0.31552582          0.32557190          -1.5106503
          0.68316832          0.30573499          0.31578366          -1.4972813
          0.69306931          0.29593459          0.30598484          -1.4835233
          0.70297030          0.28612551          0.29617642          -1.4693450
          0.71287129          0.27630857          0.28635933          -1.4547126
          0.72277228          0.26648451          0.27653436          -1.4395894
          0.73267327          0.25665400          0.26670228          -1.4239353
          0.74257426          0.24681766          0.25686374          -1.4077062
          0.75247525          0.23697602          0.24701935          -1.3908532
          0.76237624          0.22712960          0.23716967          -1.3733220
          0.77227723          0.21727883          0.22731520          -1.3550518
          0.78217822          0.20742413          0.21745639          -1.3359738
          0.79207921          0.19756588          0.20759364          -1.3160102
          0.80198020          0.18770440          0.19772733          -1.2950722
          0.81188119          0.17784000          0.18785779          -1.2730574
          0.82178218          0.16797296          0.17798533          -1.2498472
          0.83168317          0.15810352          0.16811022          -1.2253031
          0.84158416          0.14823191          0.15823272          -1.1992612
          0.85148515          0.13835833          0.14835304          -1.1715264
          0.86138614          0.12848298          0.13847140          -1.1418634
          0.87128713          0.11860601          0.12858797          -1.1099845
          0.88118812          0.10872758          0.11870293          -1.0755333
          0.89108911         0.098847835          0.10881643          -1.0380603
          0.90099010         0.088966888         0.098928612         -0.99698742
          0.91089109         0.079084856         0.089039590         -0.95155348
          0.92079208         0.069201841         0.079149482         -0.90072795
          0.93069307         0.059317936         0.069258391         -0.84306612
          0.94059406         0.049433225         0.059366409         -0.77645228
          0.95049505         0.039547784         0.049473621         -0.69760655
          0.96039604         0.029661681         0.039580101         -0.60103440
          0.97029703         0.019774979         0.029685920         -0.47643564
          0.98019802        0.0098877354         0.019791139         -0.30068631
          0.99009901           0.0000000        0.0098958155           0.0000000
