           0.0000000          0.47273682           0.0000000                 INF
         0.090909091          0.61250643          0.50620471         -0.67778591
          0.18181818          0.61812678          0.65586946          -1.2399846
          0.27272727          0.56969968          0.66188771         -0.85610981
          0.36363636          0.49949740          0.61003216         -0.74185383
          0.45454545          0.42052210          0.53485984         -0.67005039
          0.54545455          0.33801224          0.45029340         -0.60318868
          0.63636364          0.25407833          0.36194216         -0.52576334
          0.72727273          0.16957070          0.27206607         -0.42397012
          0.81818182         0.084831914          0.18157563         -0.27343479
          0.90909091           0.0000000         0.090837678           0.0000000
